0.04 45.258944034576416
0.02 70.28497505187988
0.0 60.60597610473633
0.02 57.986572265625
0.0 46.49640083312988
0.0 66.34510040283203
0.0 31.636919021606445
0.02 38.93641376495361
0.06 37.48709011077881
0.04 36.393513202667236
0.06 36.49597477912903
0.04 35.70030355453491
0.04 36.45582580566406
0.04 36.05654788017273
0.12 36.92986595630646
0.1 41.82734763622284
0.1 39.24588394165039
0.14 39.446014404296875
0.12 39.715644121170044
0.12 40.201319456100464
0.1 39.015828132629395
0.12 41.519601583480835
0.14 41.90713334083557
0.12 40.41394090652466
0.12 40.423134326934814
0.12 43.25749158859253
0.12 40.49351763725281
0.12 41.53962540626526
0.12 41.341228008270264
0.12 40.00443911552429
0.12 41.959946632385254
0.14 41.37867832183838
0.14 43.288506507873535
0.14 40.49075150489807
0.12 41.528728008270264
0.12 39.446651458740234
0.14 39.959797859191895
0.12 40.4643440246582
0.12 41.34359073638916
0.12 39.76857042312622
0.12 39.84730625152588
0.12 39.54608464241028
0.12 39.11720871925354
0.12 40.42018461227417
0.12 42.139506816864014
0.14 41.47285461425781
0.12 39.68197298049927
0.14 40.78852081298828
0.14 37.79702925682068
0.14 39.6189067363739
0.12 41.778255462646484
0.12 40.22023344039917
0.12 41.250004291534424
0.12 39.335773944854736
0.12 40.16749405860901
0.12 37.51662611961365
0.12 43.18630385398865
0.14 41.8445999622345
0.12 40.874717712402344
0.12 39.7945191860199
0.12 40.82069134712219
0.1 38.073333740234375
0.12 40.115662813186646
0.12 45.011908769607544
0.12 39.4265251159668
0.12 39.51979160308838
0.12 39.15403413772583
0.12 41.36003804206848
0.12 39.10356903076172
0.12 40.01026654243469
0.12 43.60043168067932
0.12 39.22066926956177
0.14 42.53046917915344
0.12 39.536545276641846
0.12 39.57368850708008
0.14 42.729881286621094
0.12 40.94771957397461
0.12 40.18564701080322
0.1 38.67612624168396
